function mpc = IEEE39
%IEEE 10机组39节点
%% branch data 母线
%	支路号	支路类型(S)	节点(I)	节点(J)	正序电抗(X)	零序电抗(Xo)
mpc.branch = [
	1	1	1	2	0.0411	0.1233;
    2	1	1	39	0.025	0.075;
    3	1	2	3	0.0151	0.0453;
    4	1	2	25	0.0086	0.0258;
    5	1	3	4	0.0213	0.0639;
    6	1	3	18	0.0133	0.0399;
    7	1	4	5	0.0128	0.0384;
    8	1	4	14	0.0129	0.0387;
    9	1	5	6	0.0026	0.0078;
    10	1	5	8	0.0112	0.0336;
    11	1	6	7	0.0092	0.0276;
    12	1	6	11	0.0082	0.0246;
    13	1	7	8	0.0046	0.0138;
    14	1	8	9	0.0363	0.1089;
    15	1	9	39	0.0250	0.075;
    16	1	10	11	0.0043	0.0129;
    17	1	10	13	0.0043	0.0129;
    18	1	13	14	0.0101	0.0303;
    19	1	14	15	0.0217	0.0651;
    20	1	15	16	0.0094	0.0282;
    21	1	16	17	0.0089	0.0267;
    22	1	16	19	0.0195	0.0585;
    23	1	16	21	0.0135	0.0405;
    24	1	16	24	0.0059	0.0177;
    25	1	17	18	0.0082	0.0246;
    26	1	17	27	0.0173	0.0519;
    27	1	21	22	0.014	0.042;
    28	1	22	23	0.0096	0.0288;
    29	1	23	24	0.035	0.105;
    30	1	25	26	0.0323	0.0969;
    31	1	26	27	0.0147	0.0441;
    32	1	26	28	0.0474	0.1422;
    33	1	26	29	0.0625	0.1875;
    34	1	28	29	0.0151	0.0453;
    35	2	12	11	0.0435	0.087;
    36	2	12	13	0.0435	0.087;
    37	3	6	31	0.025	0.05;
    38	3	10	32	0.02	0.04;
    39	3	19	33	0.0142	0.0284;
    40	3	20	34	0.018	0.036;
    41	3	22	35	0.0143	0.0286;
    42	3	23	36	0.0272	0.0544;
    43	3	25	37	0.0232	0.0464;
    44	3	2	30	0.0181	0.0362;
    45	3	29	38	0.0156	0.0312;
    46	2	19	20	0.0138	0.0276;
];

%% generator data 发电机
%	发电机节点(I)	直轴次暂态电抗(xd")	负序电抗(x2)
mpc.gen = [
	30	1.2019	1.1475;
    31	1.2245	1.1222;
    32	0.8394	0.9642;
    33	1.1103	1.0651;
    34	0.8616	0.9583;
    35	0.8251	0.9610;
    36	1.4465	1.2302;
    37	0.8455	0.9488;
    38	1.2165	1.1358;
    39	0.9572	0.9966;
];


